578
359
904
247
313
137
363
879
919
159
962
471
199
880
341
228
80
255
56
63
297
659
142
26
278
553
556
891
23
213
625
349
727
150
289
19
691
536
12
725
577
695
943
679
872
440
522
652
461
444
29
393
341
42
926
801
167
881
893
67
314
471
367
275
548
638
957
168
899
911
305
66
103
354
259
41
508
275
805
958
161
119
875
540
112
46
553
941
332
280
724
206
362
393
360
986
591
670
375
684
734
883
566
684
13
792
231
696
442
868
426
936
775
908
960
900
46
211
908
610
256
749
254
198
907
268
306
109
247
848
653
919
667
524
476
763
406
475
662
966
440
352
355
113
260
526
855
594
491
745
771
349
459
561
439
526
194
66
19
570
432
560
718
8
391
318
612
927
350
604
54
245
181
354
244
233
228
751
867
281
831
342
45
404
646
762
619
582
436
143
140
665
389
257
451
99
824
946
108
828
350
745
209
149
633
125
928
905
95
273
262
421
339
227
858
474
215
651
40
879
536
79
622
860
810
551
526
621
780
943
850
380
899
821
395
946
74
167
719
249
973
559
998
82
510
826
100
808
888
855
325
798
253
307
876
649
74
705
253
898
685
436
146
855
682
600
544
265
122
684
798
921
972
135
307
189
584
392
184
141
584
481
669
172
787
55
218
621
493
34
465
732
368
978
728
505
958
959
244
726
489
183
323
914
550
159
701
352
440
695
341
931
448
247
782
246
647
665
291
309
331
384
533
484
782
696
16
669
765
678
774
787
581
966
301
97
161
159
39
613
89
656
109
64
32
793
38
535
758
946
894
215
481
110
285
926
856
138
459
468
330
305
465
790
501
829
178
928
177
900
32
655
611
163
83
638
632
897
396
993
383
979
25
113
40
903
326
57
949
257
974
994
1
656
775
771
106
799
303
402
632
683
439
22
899
179
992
873
75
840
922
526
683
300
346
904
571
108
336
153
897
35
438
951
64
979
196
218
456
434
774
873
738
679
686
241
93
664
712
7
2
434
982
398
755
51
381
216
407
159
518
815
256
803
238
687
989
941
689
459
254
689
911
14
829
691
396
727
267
266
410
851
861
641
856
930
449
694
362
773
413
403
313
756
788
431
779
94
768
655
163
191
992
500
334
679
616
436
755
534
220
738
987
58
501
227
67
995
151
39
916
94
152
595
444
316
313
502
807
961
228
837
945
793
613
316
563
534
665
651
332
650
121
904
978
613
253
406
416
376
190
936
826
314
